15 0.092910 0.841667 0.122249 0.211111
15 0.216381 0.836111 0.112469 0.177778
15 0.339242 0.838889 0.138142 0.200000
15 0.479218 0.822222 0.132029 0.211111
15 0.614303 0.826389 0.118582 0.186111
15 0.745721 0.840278 0.149144 0.225000
15 0.899756 0.843056 0.144254 0.208333
15 0.091687 0.605556 0.119804 0.166667
15 0.217604 0.616667 0.124694 0.166667
15 0.339242 0.605556 0.099022 0.183333
15 0.474939 0.606944 0.160147 0.175000
15 0.614914 0.606944 0.110024 0.169444
15 0.749389 0.616667 0.127139 0.194444
15 0.891809 0.600000 0.160147 0.200000